0.000000000000  0.000000000000   
0.000500000000  0.014303687543   
0.001000000000  0.028605165749   
0.001500000000  0.042909609642   
0.002000000000  0.057211724774   
0.002500000000  0.071508764401   
0.003000000000  0.085800907659   
0.003500000000  0.100087637046   
0.004000000000  0.114367400054   
0.004500000000  0.128639201486   
0.005000000000  0.142901210179   
0.005500000000  0.157151933339   
0.006000000000  0.171389300956   
0.006500000000  0.185611322635   
0.007000000000  0.199815649711   
0.007500000000  0.213999595154   
0.008000000000  0.228160452026   
0.008500000000  0.242295433778   
0.009000000000  0.256400957698   
0.009500000000  0.270473640118   
0.010000000000  0.284510097368   
0.010500000000  0.298505950581   
0.011000000000  0.312457218970   
0.011500000000  0.326359722706   
0.012000000000  0.340208485806   
0.012500000000  0.353999129402   
0.013000000000  0.367726478470   
0.013500000000  0.381385557025   
0.014000000000  0.394970991003   
0.014500000000  0.408477406342   
0.015000000000  0.421899827055   
0.015500000000  0.435231485803   
0.016000000000  0.448469396996   
0.016500000000  0.461605798097   
0.017000000000  0.474636907358   
0.017500000000  0.487556156478   
0.018000000000  0.500355981960   
0.018500000000  0.513030810701   
0.019000000000  0.525577856151   
0.019500000000  0.537991346165   
0.020000000000  0.550267299957   
0.020500000000  0.562399945384   
0.021000000000  0.574383112224   
0.021500000000  0.586212222571   
0.022000000000  0.597883693717   
0.022500000000  0.609392549677   
0.023000000000  0.620735804859   
0.023500000000  0.631908682317   
0.024000000000  0.642908992620   
0.024500000000  0.653732157860   
0.025000000000  0.664376585722   
0.025500000000  0.674838295419   
0.026000000000  0.685116291753   
0.026500000000  0.695207191055   
0.027000000000  0.705110396206   
0.027500000000  0.714823120655   
0.028000000000  0.724345364402   
0.028500000000  0.733675137054   
0.029000000000  0.742812637648   
0.029500000000  0.751756472910   
0.030000000000  0.760507638037   
0.030500000000  0.769064739753   
0.031000000000  0.777429569412   
0.031500000000  0.785601131818   
0.032000000000  0.793581815442   
0.032500000000  0.801371023168   
0.033000000000  0.808971143467   
0.033500000000  0.816382574419   
0.034000000000  0.823607505457   
0.034500000000  0.830646732738   
0.035000000000  0.837503042815   
0.035500000000  0.844177430883   
0.036000000000  0.850672882534   
0.036500000000  0.856990392965   
0.037000000000  0.863133544886   
0.037500000000  0.869103333492   
0.038000000000  0.874903341493   
0.038500000000  0.880534962166   
0.039000000000  0.886001778218   
0.039500000000  0.891305381966   
0.040000000000  0.896449157078   
0.040500000000  0.901435093950   
0.041000000000  0.906266576250   
0.041500000000  0.910945395333   
0.042000000000  0.915474934869   
0.042500000000  0.919857185253   
0.043000000000  0.924095729192   
0.043500000000  0.928191959963   
0.044000000000  0.932149659314   
0.044500000000  0.935970618601   
0.045000000000  0.939657823413   
0.045500000000  0.943213264145   
0.046000000000  0.946640324466   
0.046500000000  0.949940198613   
0.047000000000  0.953116270256   
0.047500000000  0.956170131710   
0.048000000000  0.959104768566   
0.048500000000  0.961921574099   
0.049000000000  0.964623334861   
0.049500000000  0.967211643168   
0.050000000000  0.969689086531   
0.050500000000  0.972056859186   
0.051000000000  0.974317747686   
0.051500000000  0.976472548188   
0.052000000000  0.978523848204   
0.052500000000  0.980472841970   
0.053000000000  0.982321320841   
0.053500000000  0.984070678093   
0.054000000000  0.985722705081   
0.054500000000  0.987278197961   
0.055000000000  0.988739147128   
0.055500000000  0.990106348740   
0.056000000000  0.991381196072   
0.056500000000  0.992564485281   
0.057000000000  0.993657609644   
0.057500000000  0.994661166279   
0.058000000000  0.995576349422   
0.058500000000  0.996403756192   
0.059000000000  0.997144182745   
0.059500000000  0.997798226201   
0.060000000000  0.998366682716   
0.060500000000  0.998849751330   
0.061000000000  0.999248228201   
0.061500000000  0.999562113329   
0.062000000000  0.999792003831   
0.062500000000  0.999937700669   
0.063000000000  1.000000000000   
0.063500000000  0.999978503745   
0.064000000000  0.999873410944   
0.064500000000  0.999684323518   
0.065000000000  0.999411838585   
0.065500000000  0.999054960947   
0.066000000000  0.998614088685   
0.066500000000  0.998088226601   
0.067000000000  0.997477573734   
0.067500000000  0.996780935847   
0.068000000000  0.995998711021   
0.068500000000  0.995129505978   
0.069000000000  0.994173121680   
0.069500000000  0.993128164851   
0.070000000000  0.991994635490   
0.070500000000  0.990771140323   
0.071000000000  0.989456883190   
0.071500000000  0.988050470818   
0.072000000000  0.986551704165   
0.072500000000  0.984958393800   
0.073000000000  0.983270141642   
0.073500000000  0.981484957299   
0.074000000000  0.979602243652   
0.074500000000  0.977620010306   
0.075000000000  0.975537262066   
0.075500000000  0.973352008536   
0.076000000000  0.971063254521   
0.076500000000  0.968668611547   
0.077000000000  0.966167482496   
0.077500000000  0.963556881777   
0.078000000000  0.960836411312   
0.078500000000  0.958002886469   
0.079000000000  0.955055710132   
0.079500000000  0.951992095748   
0.080000000000  0.948810849080   
0.080500000000  0.945509183578   
0.081000000000  0.942086303084   
0.081500000000  0.938539222007   
0.082000000000  0.934866148992   
0.082500000000  0.931065292684   
0.083000000000  0.927134662691   
0.083500000000  0.923072268617   
0.084000000000  0.918875721991   
0.084500000000  0.914543828575   
0.085000000000  0.910074000857   
0.085500000000  0.905464646523   
0.086000000000  0.900713775178   
0.086500000000  0.895819993547   
0.087000000000  0.890780913157   
0.087500000000  0.885595339771   
0.088000000000  0.880261681075   
0.088500000000  0.874778344753   
0.089000000000  0.869143937529   
0.089500000000  0.863357464206   
0.090000000000  0.857417531509   
0.090500000000  0.851323542320   
0.091000000000  0.845074103362   
0.091500000000  0.838669214636   
0.092000000000  0.832107880945   
0.092500000000  0.825390500367   
0.093000000000  0.818516077706   
0.093500000000  0.811485807197   
0.094000000000  0.804299290763   
0.094500000000  0.796957722639   
0.095000000000  0.789461500904   
0.095500000000  0.781812416913   
0.096000000000  0.774011266824   
0.096500000000  0.766060240069   
0.097000000000  0.757961128004   
0.097500000000  0.749716518140   
0.098000000000  0.741328798951   
0.098500000000  0.732801354105   
0.099000000000  0.724136771115   
0.099500000000  0.715339428848   
0.100000000000  0.706412511935   
0.100500000000  0.697361195399   
0.101000000000  0.688189061949   
0.101500000000  0.678901883729   
0.102000000000  0.669504437683   
0.102500000000  0.660002296915   
0.103000000000  0.650401233567   
0.103500000000  0.640707815939   
0.104000000000  0.630927418095   
0.104500000000  0.621067603532   
0.105000000000  0.611134741511   
0.105500000000  0.601136196489   
0.106000000000  0.591079531963   
0.106500000000  0.580972311431   
0.107000000000  0.570822297428   
0.107500000000  0.560636655374   
0.108000000000  0.550423346843   
0.108500000000  0.540190731492   
0.109000000000  0.529946571855   
0.109500000000  0.519699426627   
0.110000000000  0.509456859306   
0.110500000000  0.499227826663   
0.111000000000  0.489019892196   
0.111500000000  0.478841415560   
0.112000000000  0.468699960252   
0.112500000000  0.458603686886   
0.113000000000  0.448559760882   
0.113500000000  0.438576143815   
0.114000000000  0.428660001103   
0.114500000000  0.418818498164   
0.115000000000  0.409058402339   
0.115500000000  0.399386281926   
0.116000000000  0.389808904266   
0.116500000000  0.380332041501   
0.117000000000  0.370961863853   
0.117500000000  0.361703347305   
0.118000000000  0.352562264001   
0.118500000000  0.343543191848   
0.119000000000  0.334650907789   
0.119500000000  0.325889392613   
0.120000000000  0.317262826148   
0.120500000000  0.308774791103   
0.121000000000  0.300428671147   
0.121500000000  0.292226854754   
0.122000000000  0.284172725592   
0.122500000000  0.276267875977   
0.123000000000  0.268514694382   
0.123500000000  0.260914375043   
0.124000000000  0.253468908354   
0.124500000000  0.246178692395   
0.125000000000  0.239045120440   
0.125500000000  0.232068192489   
0.126000000000  0.225248704701   
0.126500000000  0.218585661879   
0.127000000000  0.212079860179   
0.127500000000  0.205729707287   
0.128000000000  0.199535402242   
0.128500000000  0.193495233305   
0.129000000000  0.187608802398   
0.129500000000  0.181873979799   
0.130000000000  0.176290048966   
0.130500000000  0.170854561714   
0.131000000000  0.165566463136   
0.131500000000  0.160423026390   
0.132000000000  0.155422917914   
0.132500000000  0.150563172019   
0.133000000000  0.145842236200   
0.133500000000  0.141256985536   
0.134000000000  0.136805648579   
0.134500000000  0.132484961081   
0.135000000000  0.128293032168   
0.135500000000  0.124226458267   
0.136000000000  0.120283268888   
0.136500000000  0.116460020648   
0.137000000000  0.112754623635   
0.137500000000  0.109163614563   
0.138000000000  0.105684843807   
0.138500000000  0.102314887888   
0.139000000000  0.099051557374   
0.139500000000  0.095891448690   
0.140000000000  0.092832372404   
0.140500000000  0.089870984654   
0.141000000000  0.087005115910   
0.141500000000  0.084231840292   
0.142000000000  0.081548052788   
0.142500000000  0.078951802809   
0.143000000000  0.076439865919   
0.143500000000  0.074010271627   
0.144000000000  0.071659934823   
0.144500000000  0.069386904919   
0.145000000000  0.067188256039   
0.145500000000  0.065062097306   
0.146000000000  0.063005642170   
0.146500000000  0.061017079372   
0.147000000000  0.059093741783   
0.147500000000  0.057233877859   
0.148000000000  0.055434979701   
0.148500000000  0.053695395283   
0.149000000000  0.052012736133   
0.149500000000  0.050385390031   
0.150000000000  0.048811147639   
0.150500000000  0.047288496259   
0.151000000000  0.045815326073   
0.151500000000  0.044390203997   
0.152000000000  0.043011139638   
0.152500000000  0.041676839238   
0.153000000000  0.040385392021   
0.153500000000  0.039135544037   
0.154000000000  0.037925583549   
0.154500000000  0.036754296415   
0.155000000000  0.035620050512   
0.155500000000  0.034521751125   
0.156000000000  0.033457885553   
0.156500000000  0.032427398887   
0.157000000000  0.031428877949   
0.157500000000  0.030461347445   
0.158000000000  0.029523473811   
0.158500000000  0.028614381273   
0.159000000000  0.027732795980   
0.159500000000  0.026877881966   
0.160000000000  0.026048504707   
0.160500000000  0.025243868044   
0.161000000000  0.024462917070   
0.161500000000  0.023704875530   
0.162000000000  0.022968788035   
0.162500000000  0.022253938044   
0.163000000000  0.021559429880   
0.163500000000  0.020884586807   
0.164000000000  0.020228572862   
0.164500000000  0.019590796896   
0.165000000000  0.018970444839   
0.165500000000  0.018366961371   
0.166000000000  0.017779604075   
0.166500000000  0.017207851467   
0.167000000000  0.016651016862   
0.167500000000  0.016108608633   
0.168000000000  0.015579981891   
0.168500000000  0.015064682828   
0.169000000000  0.014562110343   
0.169500000000  0.014071836503   
0.170000000000  0.013593307977   
0.170500000000  0.013126118726   
0.171000000000  0.012669759208   
0.171500000000  0.012223845278   
0.172000000000  0.011787895260   
0.172500000000  0.011361548893   
0.173000000000  0.010944360328   
0.173500000000  0.010535989209   
0.174000000000  0.010136025514   
0.174500000000  0.009744136847   
0.175000000000  0.009359943043   
0.175500000000  0.008983129620   
0.176000000000  0.008613338307   
0.176500000000  0.008250274525   
0.177000000000  0.007893599908   
0.177500000000  0.007543033810   
0.178000000000  0.007198257768   
0.178500000000  0.006859005070   
0.179000000000  0.006524973174   
0.179500000000  0.006195909303   
0.180000000000  0.005871530818   
0.180500000000  0.005551588922   
0.181000000000  0.005235812920   
0.181500000000  0.004923967946   
0.182000000000  0.004615793259   
0.182500000000  0.004311063943   
0.183000000000  0.004009525229   
0.183500000000  0.003710962154   
0.184000000000  0.003415129900   
0.184500000000  0.003121823456   
0.185000000000  0.002830799993   
0.185500000000  0.002541864454   
0.186000000000  0.002254779981   
0.186500000000  0.001969358880   
0.187000000000  0.001685356134   
0.187500000000  0.001402601564   
0.188000000000  0.001120815520   
0.188500000000  0.000839884549   
0.189000000000  0.000559574581   
0.189500000000  0.000279676028   
0.190000000000  0.000000000000   
